238
-7.400000000000000355e+00 -1.334999999999999964e+01
2.750000000000000000e+00 -3.849999999999999645e+00
1.050000000000000178e+01 -4.549999999999998934e+00
1.825000000000000000e+01 -5.250000000000000000e+00
2.600000000000000000e+01 -5.949999999999999289e+00
3.375000000000000711e+01 -6.649999999999999467e+00
3.470000000000000284e+01 -7.049999999999998934e+00
3.555000000000000426e+01 -8.849999999999999645e+00
3.555000000000000426e+01 -8.849999999999999645e+00
3.550000000000000711e+01 -9.349999999999999645e+00
3.550000000000000711e+01 -9.849999999999999645e+00
3.550000000000000711e+01 -9.849999999999999645e+00
3.335000000000000142e+01 -1.164999999999999858e+01
2.501250000000000284e+01 -1.088749999999999929e+01
1.667500000000000426e+01 -1.012500000000000000e+01
8.337500000000000355e+00 -9.362499999999998934e+00
0.000000000000000000e+00 -8.599999999999999645e+00
-1.000000000000000000e+00 -8.250000000000000000e+00
-1.849999999999999645e+00 -6.449999999999999289e+00
-1.849999999999999645e+00 -6.449999999999999289e+00
-1.599999999999999645e+00 -3.649999999999998579e+00
-1.349999999999999645e+00 -8.999999999999985789e-01
-1.349999999999999645e+00 -8.999999999999985789e-01
8.499999999999996447e-01 9.500000000000010658e-01
9.237500000000002487e+00 2.625000000000010658e-01
1.762500000000000000e+01 -4.249999999999989342e-01
2.601250000000000284e+01 -1.112499999999998934e+00
3.440000000000000568e+01 -1.799999999999998934e+00
3.535000000000000142e+01 -2.199999999999999289e+00
3.620000000000000284e+01 -3.999999999999998224e+00
3.620000000000000284e+01 -3.999999999999998224e+00
3.615000000000000568e+01 -4.499999999999998224e+00
3.615000000000000568e+01 -4.949999999999999289e+00
3.615000000000000568e+01 -4.949999999999999289e+00
3.400000000000000711e+01 -6.749999999999999112e+00
2.575000000000000000e+01 -6.074999999999999289e+00
1.750000000000000000e+01 -5.399999999999998579e+00
9.250000000000001776e+00 -4.724999999999999645e+00
1.000000000000000000e+00 -4.049999999999998934e+00
0.000000000000000000e+00 -3.699999999999999289e+00
-8.499999999999996447e-01 -1.899999999999998579e+00
-8.499999999999996447e-01 -1.899999999999998579e+00
-5.499999999999989342e-01 1.300000000000000711e+00
-2.999999999999989342e-01 4.500000000000001776e+00
-2.999999999999989342e-01 4.500000000000001776e+00
1.900000000000000355e+00 6.350000000000003197e+00
1.025000000000000178e+01 5.650000000000000355e+00
1.860000000000000142e+01 4.950000000000001066e+00
2.695000000000000284e+01 4.250000000000001776e+00
3.530000000000000426e+01 3.550000000000002487e+00
3.625000000000000711e+01 3.150000000000000355e+00
3.710000000000000142e+01 1.350000000000001421e+00
3.710000000000000142e+01 1.350000000000001421e+00
3.705000000000000426e+01 8.500000000000014211e-01
3.700000000000000711e+01 4.000000000000003553e-01
3.700000000000000711e+01 4.000000000000003553e-01
3.485000000000000142e+01 -1.399999999999998579e+00
2.651250000000000284e+01 -7.124999999999985789e-01
1.817500000000000426e+01 -2.499999999999857891e-02
9.837500000000000355e+00 6.625000000000014211e-01
1.500000000000000000e+00 1.350000000000001421e+00
5.000000000000000000e-01 1.700000000000001066e+00
-3.499999999999996447e-01 3.500000000000001776e+00
-3.499999999999996447e-01 3.500000000000001776e+00
-9.999999999999964473e-02 6.500000000000001776e+00
1.500000000000003553e-01 9.450000000000001066e+00
1.500000000000003553e-01 9.450000000000001066e+00
2.349999999999999645e+00 1.130000000000000249e+01
1.075000000000000178e+01 1.055000000000000249e+01
1.914999999999999858e+01 9.800000000000002487e+00
2.755000000000000426e+01 9.050000000000002487e+00
3.595000000000000284e+01 8.300000000000002487e+00
3.690000000000000568e+01 7.900000000000000355e+00
3.775000000000000711e+01 6.100000000000003197e+00
3.775000000000000711e+01 6.100000000000003197e+00
3.770000000000000284e+01 5.600000000000003197e+00
3.765000000000000568e+01 5.150000000000000355e+00
3.765000000000000568e+01 5.150000000000000355e+00
3.550000000000000711e+01 3.349999999999999645e+00
2.638750000000000284e+01 4.162499999999999645e+00
1.727499999999999858e+01 4.975000000000003197e+00
8.162499999999999645e+00 5.787500000000003197e+00
-9.499999999999992895e-01 6.600000000000003197e+00
-1.949999999999999289e+00 6.950000000000001066e+00
-2.799999999999999822e+00 8.750000000000001776e+00
-2.799999999999999822e+00 8.750000000000001776e+00
-2.549999999999999822e+00 1.165000000000000036e+01
-2.300000000000000711e+00 1.450000000000000178e+01
-2.300000000000000711e+00 1.450000000000000178e+01
-9.999999999999964473e-02 1.635000000000000142e+01
9.025000000000000355e+00 1.560000000000000320e+01
1.814999999999999858e+01 1.485000000000000320e+01
2.727500000000000568e+01 1.410000000000000320e+01
3.640000000000000568e+01 1.335000000000000320e+01
3.735000000000000142e+01 1.295000000000000107e+01
3.820000000000000284e+01 1.115000000000000036e+01
3.820000000000000284e+01 1.115000000000000036e+01
3.815000000000000568e+01 1.060000000000000320e+01
3.810000000000000142e+01 1.010000000000000320e+01
3.810000000000000142e+01 1.010000000000000320e+01
3.595000000000000284e+01 8.300000000000002487e+00
2.680000000000000426e+01 9.075000000000001066e+00
1.764999999999999858e+01 9.850000000000003197e+00
8.500000000000001776e+00 1.062500000000000178e+01
-6.500000000000003553e-01 1.140000000000000036e+01
-1.650000000000000355e+00 1.175000000000000178e+01
-2.500000000000000000e+00 1.355000000000000249e+01
-2.500000000000000000e+00 1.355000000000000249e+01
-2.199999999999999289e+00 1.675000000000000000e+01
-1.900000000000000355e+00 1.995000000000000284e+01
-1.900000000000000355e+00 1.995000000000000284e+01
3.000000000000007105e-01 2.179999999999999716e+01
9.349999999999999645e+00 2.095000000000000284e+01
1.839999999999999858e+01 2.010000000000000142e+01
2.745000000000000284e+01 1.925000000000000000e+01
3.650000000000000711e+01 1.839999999999999858e+01
3.745000000000000284e+01 1.800000000000000000e+01
3.830000000000000426e+01 1.620000000000000284e+01
3.830000000000000426e+01 1.620000000000000284e+01
3.825000000000000711e+01 1.570000000000000107e+01
3.820000000000000284e+01 1.525000000000000178e+01
3.820000000000000284e+01 1.525000000000000178e+01
3.605000000000000426e+01 1.345000000000000107e+01
2.621250000000000568e+01 1.437500000000000178e+01
1.637500000000000000e+01 1.530000000000000249e+01
6.537499999999999645e+00 1.622500000000000142e+01
-3.299999999999999822e+00 1.714999999999999858e+01
-4.299999999999999822e+00 1.750000000000000000e+01
-5.150000000000000355e+00 1.929999999999999716e+01
-5.150000000000000355e+00 1.929999999999999716e+01
-4.849999999999999645e+00 2.204999999999999716e+01
-4.599999999999999645e+00 2.480000000000000426e+01
-4.599999999999999645e+00 2.480000000000000426e+01
-2.400000000000000355e+00 2.664999999999999858e+01
7.562500000000001776e+00 2.587500000000000000e+01
1.752499999999999858e+01 2.510000000000000142e+01
2.748750000000000426e+01 2.432500000000000284e+01
3.745000000000000284e+01 2.354999999999999716e+01
3.845000000000000284e+01 2.370000000000000284e+01
3.960000000000000142e+01 2.535000000000000142e+01
3.960000000000000142e+01 2.535000000000000142e+01
3.965000000000000568e+01 2.560000000000000142e+01
3.970000000000000284e+01 2.589999999999999858e+01
3.970000000000000284e+01 2.589999999999999858e+01
3.790000000000000568e+01 2.810000000000000142e+01
2.822500000000000142e+01 2.902499999999999858e+01
1.855000000000000426e+01 2.995000000000000284e+01
8.875000000000001776e+00 3.087500000000000000e+01
-7.999999999999989342e-01 3.180000000000000426e+01
-1.800000000000000711e+00 3.214999999999999858e+01
-2.650000000000000355e+00 3.395000000000000284e+01
-2.650000000000000355e+00 3.395000000000000284e+01
-2.599999999999999645e+00 3.445000000000000284e+01
-2.599999999999999645e+00 3.495000000000000284e+01
-2.599999999999999645e+00 3.495000000000000284e+01
-4.000000000000003553e-01 3.680000000000000426e+01
9.537499999999999645e+00 3.585000000000000142e+01
1.947500000000000142e+01 3.489999999999999858e+01
2.941250000000000142e+01 3.395000000000000284e+01
3.935000000000000142e+01 3.300000000000000000e+01
4.035000000000000142e+01 3.314999999999999858e+01
4.150000000000000711e+01 3.480000000000000426e+01
4.150000000000000711e+01 3.480000000000000426e+01
4.150000000000000711e+01 3.520000000000000284e+01
4.155000000000000426e+01 3.560000000000000142e+01
4.155000000000000426e+01 3.560000000000000142e+01
3.975000000000000711e+01 3.780000000000000426e+01
2.936250000000000426e+01 3.880000000000000426e+01
1.897500000000000142e+01 3.980000000000000426e+01
8.587500000000000355e+00 4.080000000000000426e+01
-1.800000000000000711e+00 4.180000000000000426e+01
-2.799999999999999822e+00 4.214999999999999858e+01
-3.650000000000000355e+00 4.395000000000000284e+01
-3.650000000000000355e+00 4.395000000000000284e+01
-3.599999999999999645e+00 4.445000000000000284e+01
-3.599999999999999645e+00 4.489999999999999858e+01
-3.599999999999999645e+00 4.489999999999999858e+01
-1.400000000000000355e+00 4.675000000000000000e+01
8.762500000000001066e+00 4.577499999999999858e+01
1.892500000000000426e+01 4.480000000000000426e+01
2.908750000000000568e+01 4.382500000000000284e+01
3.925000000000000711e+01 4.285000000000000142e+01
4.020000000000000284e+01 4.245000000000000284e+01
4.105000000000000426e+01 4.064999999999999858e+01
4.105000000000000426e+01 4.064999999999999858e+01
4.075000000000000711e+01 3.760000000000000142e+01
4.045000000000000284e+01 3.455000000000000426e+01
4.045000000000000284e+01 3.455000000000000426e+01
3.830000000000000426e+01 3.275000000000000000e+01
2.822500000000000142e+01 3.372500000000000142e+01
1.814999999999999858e+01 3.470000000000000284e+01
8.075000000000001066e+00 3.567500000000000426e+01
-2.000000000000000000e+00 3.664999999999999858e+01
-3.049999999999999822e+00 3.645000000000000284e+01
-4.200000000000000178e+00 3.480000000000000426e+01
-4.200000000000000178e+00 3.480000000000000426e+01
-4.250000000000000000e+00 3.425000000000000000e+01
-4.349999999999999645e+00 3.370000000000000284e+01
-4.349999999999999645e+00 3.370000000000000284e+01
-2.500000000000000000e+00 3.155000000000000426e+01
7.349999999999999645e+00 3.070000000000000284e+01
1.720000000000000284e+01 2.985000000000000142e+01
2.705000000000000426e+01 2.900000000000000000e+01
3.690000000000000568e+01 2.814999999999999858e+01
3.785000000000000142e+01 2.775000000000000000e+01
3.870000000000000284e+01 2.595000000000000284e+01
3.870000000000000284e+01 2.595000000000000284e+01
3.865000000000000568e+01 2.545000000000000284e+01
3.860000000000000142e+01 2.495000000000000284e+01
3.860000000000000142e+01 2.495000000000000284e+01
3.645000000000000284e+01 2.314999999999999858e+01
2.635000000000000142e+01 2.402499999999999858e+01
1.625000000000000000e+01 2.489999999999999858e+01
6.150000000000000355e+00 2.577499999999999858e+01
-3.950000000000000178e+00 2.664999999999999858e+01
-4.950000000000000178e+00 2.700000000000000000e+01
-5.799999999999999822e+00 2.880000000000000426e+01
-5.799999999999999822e+00 2.880000000000000426e+01
-5.299999999999999822e+00 3.435000000000000142e+01
-4.799999999999999822e+00 3.989999999999999858e+01
-4.799999999999999822e+00 3.989999999999999858e+01
-2.599999999999999645e+00 4.175000000000000000e+01
7.662499999999999645e+00 4.075000000000000000e+01
1.792500000000000426e+01 3.975000000000000000e+01
2.818750000000000711e+01 3.875000000000000000e+01
3.845000000000000284e+01 3.775000000000000000e+01
3.940000000000000568e+01 3.735000000000000142e+01
4.025000000000000711e+01 3.555000000000000426e+01
4.025000000000000711e+01 3.555000000000000426e+01
3.955000000000000426e+01 2.795000000000000284e+01
3.890000000000000568e+01 2.039999999999999858e+01
3.890000000000000568e+01 2.039999999999999858e+01
3.675000000000000711e+01 1.860000000000000142e+01
2.685000000000000142e+01 1.938750000000000284e+01
1.695000000000000284e+01 2.017499999999999716e+01
7.049999999999998934e+00 2.096249999999999858e+01
-2.849999999999999645e+00 2.175000000000000000e+01
-2.849999999999999645e+00 2.175000000000000000e+01
